1.419960080360858868e-03
2.825444107406516192e-01
3.279697136096395432e-02
2.405427643877921726e-02
7.448309634619974806e-03
1.023855846987492546e-01
2.286903485277470838e-02
1.887392911248133914e-03
2.483083201106235996e-02
5.676590827917415288e-02
1.131697957842390341e-03
1.051775160474123644e-01
1.638569378435197552e-02
8.811732065854593551e-03
4.156054759518095290e-04
5.533012886958595944e-01
2.327019602408137433e-01
1.542214115163118167e-04
3.320674405958528447e-02
2.823219526896868226e-02
4.422716572589791006e-02
7.560048520825495997e-04
4.643441356508473672e-03
1.209609132370569398e-02
1.986549351913249883e-01
2.135661007115781940e-01
3.098325416060344617e-01
4.996984830807055800e-01
8.995412632097661565e-02
1.865395514107476629e-02
5.942276875456987961e-02
9.308329152309071652e-01
9.073042959063206681e-01
1.201865967529944790e-01
2.280127497052008428e-02
1.961655835393648004e-03
9.457482670861478910e-03
6.201120436244472039e-03
8.294729147922796225e-03
1.847748676671194246e-01
2.981260768338142922e-02
1.610596213573233480e-03
8.369273490360298884e-02
5.990523573775104194e-02
4.121227450444144534e-03
2.721509253256884087e-01
1.795924732975068272e-01
1.429333372481654194e-02
2.520835550975571724e-04
1.889215116736766426e-02
9.843824707625531412e-01
9.888538726759820152e-01
9.966202660654376322e-01
5.907796953827360031e-01
7.354052244184358100e-01
4.911828147220745344e-01
6.683239468955161355e-02
5.643610623939101512e-01
9.934414427251899715e-01
9.990339214306680482e-01
7.662438655862597869e-01
9.985229374544996039e-01
9.446363071448172777e-01
8.718303935261129123e-01
2.219001177151800619e-01
9.944252286517408779e-01
9.200896996293005392e-01
9.975945660956375693e-01
9.943315549090125938e-01
4.139746440928153137e-01
9.895165901892195581e-01
9.965666859239147302e-01
9.998121935931506554e-01
9.877375696889727497e-01
7.596401524424186702e-01
7.581235507700309073e-01
9.957242379856382497e-01
9.900804928457170861e-01
9.599084460132141228e-01
9.283119905831890284e-01
2.313108571401184532e-01
9.655645380097669372e-01
6.894003915679635108e-01
8.965109732771664452e-01
9.991741566333967040e-01
9.940006086050533485e-01
9.429560394604910023e-01
9.943397003740283013e-01
9.901900095385739453e-01
7.265061393940820400e-01
9.385384999148209673e-01
9.417463428195235187e-01
4.360396190861924315e-01
9.994272280606866232e-01
9.423112698676143761e-01
8.885499495848387941e-01
9.864927511966612439e-01
9.952464861991168199e-01
9.996079408413256484e-01
9.356266382176110508e-01
