3.969941732414047214e-02
4.622616149750898296e-01
6.472718526841338971e-01
1.283687264932132643e-01
1.619253759009230478e-02
3.291523844340280610e-03
8.297627733151445192e-15
5.869621379502704128e-01
1.446136713866337520e-01
2.423196342846060426e-03
5.331584830585289238e-03
1.543211704186371880e-01
4.903074783901582639e-04
2.534086470623846954e-01
8.378262297107321433e-06
6.117635661260645979e-02
1.594242553982403721e-01
6.518369413586235783e-01
2.543551262913390509e-01
3.190950097906364302e-02
1.106893930356134606e-02
4.277615892810517073e-02
6.198401321068993663e-01
5.648126874621840487e-01
9.995926214006217725e-02
1.902980027489512838e-01
1.007610312587531309e-03
3.031650850641808004e-02
2.846250388961979808e-02
1.690688731754151630e-01
2.428158845908607449e-02
2.073856635055579545e-01
5.243911444086254980e-02
1.543002536403679237e-01
8.122714092583763201e-02
3.547494752003833574e-01
5.171014479434388883e-02
9.623466211954208038e-01
3.852649441543748443e-01
9.930260368295897033e-02
1.819470754493511533e-01
9.358110366746934528e-01
2.325822346469747781e-01
1.155180623083231356e-01
1.481015507115498782e-06
6.051414824432866518e-02
4.431852340918405742e-01
7.303550086014594378e-02
6.281385502419747913e-02
6.338062759351690278e-01
8.152724457667049895e-01
5.206883398633801452e-01
6.101888627002675092e-01
9.117488158325066649e-01
7.748912062190892458e-01
9.935682009514801294e-01
5.957785469248731980e-01
5.591921119549517760e-01
8.833921922846594832e-01
9.112397119683628421e-01
9.605271600735562076e-01
8.724778048360106730e-01
3.448887517949995596e-01
9.897810823151447224e-01
9.337029332174944241e-01
9.719220181655160440e-01
9.446515548154016395e-01
7.610849327624196192e-01
7.970869900714329104e-01
9.398023017046344130e-01
9.950904924891336156e-01
6.891034504861424104e-01
9.060807987504817529e-01
8.688808057125063655e-01
9.461870107197930535e-01
9.365185058493301629e-01
9.903853439376334444e-01
9.244062382273001699e-01
9.891669847731228149e-01
6.014400202809140339e-01
3.050892295249746367e-01
9.945059226497038329e-01
8.995225753511768563e-01
9.862337331002685170e-01
8.989815392257081150e-01
9.645982024613717343e-01
9.683238397414539733e-01
9.115832641925903923e-01
9.339877993516078059e-01
8.657354524342389945e-01
5.929774854225335901e-01
8.209470490013424104e-01
7.892186349467903428e-01
8.222169863763399977e-01
9.197281978108795553e-01
9.405399808236656334e-01
9.636733390456325710e-01
9.237846916823657661e-01
9.454140106697017654e-01
8.265461727453906615e-01
