6.162391548902281663e-02
6.048796810421880332e-01
6.053557841229209036e-01
1.150513690437519471e-01
9.795695982368550492e-02
1.905903343325281510e-02
3.871935330039656291e-08
5.272944974434708998e-01
1.071641904732788253e-01
2.238367552463966376e-02
1.133818401659107689e-01
1.322096958539824563e-01
6.894627907739709315e-03
2.979540998265285956e-01
3.119748105051837334e-03
6.957643340268536425e-02
2.480807931599680050e-01
6.690340108127025287e-01
6.571842329756372170e-01
8.227551692333034961e-02
5.158042529943569071e-02
4.680143614011062630e-02
5.689821863695504467e-01
6.439194139567834263e-01
1.346114521751463622e-01
3.293513310152561546e-01
1.553648531541306638e-02
3.272176637051935066e-02
2.963069974300514345e-02
1.972130872159340576e-01
3.299479026390870345e-02
1.847281451100276639e-01
5.104753564546948147e-02
2.516936724491001809e-01
4.053097681124145923e-01
5.007484866557974090e-01
6.880660175540846690e-02
9.451180029015437967e-01
3.169660334385095979e-01
8.599453265068436603e-02
2.846877471988838448e-01
9.152471216280467781e-01
1.977353923890279030e-01
1.343264358888782151e-01
7.939159092389720543e-04
5.778242549590387189e-02
4.240560689444404230e-01
9.402456921318821936e-02
7.690604985148538630e-02
6.168790916165501903e-01
8.909570174091625550e-01
3.956286568812361626e-01
7.609474808329915740e-01
8.343763411288330767e-01
7.273790799991556311e-01
9.860844854720679509e-01
5.385272598199637439e-01
4.893947412286298038e-01
8.166151050477199469e-01
8.877056439274978450e-01
9.317912528482443779e-01
8.255501356163181814e-01
2.597038690571626951e-01
9.790245634104675077e-01
9.156122032100069141e-01
9.419300737527603884e-01
9.101277070210124220e-01
8.270696437726577921e-01
6.881942526489714940e-01
9.182383228946974230e-01
9.910488696733745773e-01
5.662167894596183970e-01
8.443637702663946421e-01
7.792128150709333179e-01
9.102252996054647216e-01
9.319032736499740510e-01
9.769546346480718624e-01
8.586693531147149283e-01
9.830833045893447864e-01
4.748240518419643008e-01
2.275697924237223835e-01
9.950244500848021145e-01
8.824186277671497436e-01
9.752987402038524323e-01
8.257180666971702943e-01
9.407480118178441764e-01
9.419868846814333230e-01
8.530695142675562836e-01
8.902760775467921661e-01
9.307810731353850509e-01
4.645490332292824820e-01
7.525980650207825251e-01
7.167322393843698070e-01
7.660901080304076682e-01
8.790764865208490209e-01
8.859814324756685178e-01
9.226029691285476675e-01
8.745839080203992033e-01
9.501455362742701194e-01
7.261190624832045692e-01
