1.122395837187704784e-03
2.850577594309007812e-01
2.987461295368979211e-02
2.159374732841118708e-02
6.421953385316689356e-03
9.966059062526810841e-02
2.054818065223726342e-02
1.497259888685439173e-03
2.237078231070041209e-02
5.316242409695819821e-02
8.852684706678386152e-04
1.013567703555262323e-01
1.459330243643709203e-02
7.544412384790254687e-03
3.139241713751780849e-04
5.680007358738602408e-01
2.333994686451638934e-01
1.103694003856584927e-04
3.034960893413146676e-02
2.548345921541315603e-02
4.088918650298092178e-02
5.813985227739541231e-04
3.865195399149319155e-03
1.048479805851029040e-02
1.976863673340241434e-01
2.132238519326376813e-01
3.146446900545668557e-01
5.129215327399584412e-01
8.597635497060986121e-02
1.654448278557454563e-02
5.594023841986408424e-02
9.413127279612256704e-01
9.193952428936934540e-01
1.167248893571839891e-01
2.038536308545664880e-02
1.575773976640598185e-03
8.163686839669200349e-03
5.245275609362576655e-03
7.084969364615763786e-03
1.820934384754132607e-01
2.709171887940783896e-02
1.276111044031995627e-03
7.988861273839240051e-02
5.635238767058393244e-02
3.408698669846982506e-03
2.745658850368303816e-01
1.779691999251462042e-01
1.247819082704265670e-02
1.843393744236725661e-04
1.678259833198056730e-02
9.877135412247258772e-01
9.913311828780978496e-01
9.975135566510847651e-01
6.084478357028193507e-01
7.541124016170263067e-01
5.050427575265420410e-01
6.330049340365004329e-02
5.804186747258915924e-01
9.950174538945796288e-01
9.993315840400084360e-01
7.855252878720661025e-01
9.989482494782000455e-01
9.537145822645877180e-01
8.865974343359247500e-01
2.213223484726417056e-01
9.958350552474262152e-01
9.316679566211532038e-01
9.982581982607166005e-01
9.957418939289096604e-01
4.226928324658044689e-01
9.918581203962861803e-01
9.974623963677079486e-01
9.998778969987949239e-01
9.905053393324253497e-01
7.774390087503374458e-01
7.773152632172569687e-01
9.968230031508257261e-01
9.923259478330079819e-01
9.664855177504607653e-01
9.387761611328584443e-01
2.316885721619615646e-01
9.717913036676179006e-01
7.090723553925495359e-01
9.102080270923388339e-01
9.994294885187823274e-01
9.954922326694711776e-01
9.524477917297868856e-01
9.957167445938246431e-01
9.924785256771954112e-01
7.462348616447009864e-01
9.479347835961970947e-01
9.506539715016988357e-01
4.462658874373672258e-01
9.996114207519498640e-01
9.509935402749082334e-01
9.027772594088224745e-01
9.894315844910475111e-01
9.964425757169610431e-01
9.997382747024780025e-01
9.457444829601262537e-01
