1.414536817334864915e-01
2.808985084728969454e-04
4.508499961918661057e-05
1.075354048012330403e-04
3.267558955771208431e-04
2.836744537321606464e-03
8.504099355227665632e-04
1.404354255831248040e-07
8.326574816342907116e-04
7.706953804274890775e-06
1.765265822123864394e-04
4.634254960283027986e-04
2.722873723985472488e-03
5.286874488141454775e-04
9.066202642673894081e-06
9.182040628848839314e-02
3.830495093828246148e-05
2.521747302967557554e-05
2.886348648001991427e-03
3.069145127718912314e-06
1.404149016807245653e-06
1.230609682807654081e-03
7.192212420602684536e-04
1.526560227421589443e-02
3.200273360022595254e-07
1.003138116996700827e-07
4.100671392603539564e-05
2.051688037341152168e-02
2.978508072657000091e-05
9.250044076387238245e-01
5.794457756005473754e-03
5.145407470845518724e-05
1.917915763290483167e-06
2.424695973885342080e-05
6.997225690233970820e-03
1.664182705175823278e-03
3.846408389886100954e-02
4.482197827348849972e-01
7.968900865282528469e-05
2.034760307534883871e-05
1.527449427587832063e-03
4.362533112260262726e-05
4.140774996443875497e-06
4.361614995208717288e-03
8.927715462907257306e-05
5.148286509023613372e-03
4.898647791377746441e-06
6.813902339781143535e-08
2.746815619689423906e-04
9.522575100857141317e-01
1.901118156565741527e-03
3.529412461271023288e-02
1.595317068809996383e-05
1.996999739296731208e-03
2.004207495461919966e-02
1.460462852406641842e-06
8.079356182213355293e-04
1.100459080013026832e-03
1.662428235829241851e-03
1.792586632822306368e-04
5.546567052360978694e-04
4.659455750050935460e-05
7.461065383297210696e-01
9.968116907657759151e-01
9.672125728190542615e-01
7.952263969781994124e-01
7.746426762552016676e-01
9.916122503909770014e-01
9.395293891290554811e-01
9.994432117730391862e-01
9.999434329917492592e-01
9.984223310141523422e-01
9.964485703716803311e-01
9.784235834595287340e-01
9.946476724570701977e-01
7.422981876253600397e-01
9.803444383790379524e-01
9.769127855793900972e-01
9.981847516402763132e-01
5.187029056599353760e-01
9.914084229509967372e-01
9.999460704570204417e-01
9.982891223504614109e-01
9.912311618083625708e-01
9.578100711982250326e-01
6.585123122630608394e-01
9.874066052637854307e-01
9.956061948676941942e-01
9.997795085853693475e-01
9.810963244647380455e-01
7.964174302151908469e-01
9.914507649848796067e-01
9.530617115349575563e-01
9.948138300269910861e-01
9.470184209191242486e-01
9.997678783310692818e-01
9.983313874936411425e-01
9.195797198970335762e-01
9.996139037476774458e-01
9.992269445791069904e-01
9.998046894901106985e-01
9.827810375365313433e-01
9.770004704369955606e-01
9.991397495572065246e-01
6.844997124479608175e-01
9.853142029596597684e-01
9.708630657470407321e-01
9.981441846058087819e-01
9.236666926114829312e-01
9.153906631115518167e-01
9.992205207712009374e-01
8.678123154931319805e-01
9.907512353668872507e-01
9.069326083436383135e-01
5.389399226830819956e-01
9.929312612386790304e-01
9.989340485467617103e-01
8.982165110048904166e-01
9.990754063649288641e-01
9.855647770850989309e-01
9.620951904999258675e-01
9.886775488350594276e-01
9.027796403069895392e-01
9.987672049245653882e-01
