6.142287508484391145e-02
9.742951374012865512e-03
8.738132858079420903e-03
1.402397136595874214e-02
1.437728263826214097e-02
2.953783713688833829e-02
1.662066055639035977e-02
1.162822946312601401e-03
2.523885880663667008e-02
5.705422462650113456e-03
1.106130479604769401e-02
1.191344495563957662e-02
1.479431630935178904e-02
1.489383842751886185e-02
5.019933790798054504e-03
8.382667407606743393e-02
4.538558221771529788e-03
8.818983085474324524e-03
2.130325778882915730e-02
3.265739336295129473e-03
3.412648165538596616e-03
2.750318513041643056e-02
1.661399901621871122e-02
2.228316243105705335e-02
1.814292985774967632e-03
2.172753708407955051e-03
7.343724308848182530e-03
4.693237525997704523e-02
4.410885985886991642e-03
1.061634213653821490e-01
1.851382763171926724e-02
4.275770586567721396e-03
1.916960463809579606e-03
5.003383182967606480e-03
3.982083363704511103e-02
1.525000310680645066e-02
4.025690651650536828e-02
5.416457580229423752e-02
5.895671223664257152e-03
6.016669395296029947e-03
1.520625819484332057e-02
6.667562832125720033e-03
2.879422741653305581e-03
2.222566811937468426e-02
1.406572066631141434e-02
2.269346364606767211e-02
4.217736310986332747e-03
1.556519705786531130e-03
1.068032923809570517e-02
1.922066517700892485e-01
1.364591288259828228e-02
2.565615450762794014e-02
6.514034097986959836e-03
2.467311892163542159e-02
1.545335286808631470e-02
2.096030549250017024e-03
1.554558146540159849e-02
1.226478700825150980e-02
2.089363468668719442e-02
1.234702401173820921e-02
7.064434409093060287e-03
5.158556276808448464e-03
1.108863486571039503e-01
2.170122076501280750e-01
1.337188831530731203e-01
1.085503802387741135e-01
1.034158904839962007e-01
1.349637516056164666e-01
1.251328854699147175e-01
2.510814457053519022e-01
3.686781006565507668e-01
2.060018333817583702e-01
1.979459325466345898e-01
1.553343619151005828e-01
2.078551845959639710e-01
1.016666358859372871e-01
1.538208717086243515e-01
1.301999200419716729e-01
1.714449251613865688e-01
7.250657224754993024e-02
1.583635909770024774e-01
3.759159515335969703e-01
2.079128422184412517e-01
1.726586499962258492e-01
1.099151876051287641e-01
9.616831842506547157e-02
1.232337544406772456e-01
1.854855480798907608e-01
2.735347968085923287e-01
1.649555231283055257e-01
1.099332422806291315e-01
1.611659914580400588e-01
1.279552527389769268e-01
1.727082888157822071e-01
1.376900371812227741e-01
2.422285624996539655e-01
2.001602457171402782e-01
1.099439577187980299e-01
1.965817546460289778e-01
2.299337810645697699e-01
2.881889105615458857e-01
1.600884540254243205e-01
1.456242244149442422e-01
2.267629196716622886e-01
7.933698700964574024e-02
1.478659699099542091e-01
1.533612123536376992e-01
2.029747675701201459e-01
1.231073203478819655e-01
9.773106771535139403e-02
2.241904188955583244e-01
9.008077153223642553e-02
1.864192418268731111e-01
1.009997921664798765e-01
7.898448639139375727e-02
2.083110151974794932e-01
2.588109681235121751e-01
1.234127792796983897e-01
2.154839687754910305e-01
1.580098213758092673e-01
1.399607535291403637e-01
1.434389713653660969e-01
1.159719633563302960e-01
1.898251016893316434e-01
